#ifndef ROBOT_DEFINITION_H
#define ROBOT_DEFINITION_H

/*
 *  [17-10-23]  Here the kinematic elements, of the active joints
 *  are manually assigned by provided by user, given the MATLAB
 *  data extracted for the smm structure/anatomy we currently operate.
 *  
 *  TO DO: Automatic extraction of these data by the urdf model.
 */

#define DOF 3

// Define and initialize your constants
namespace robot_definition {
    // Members for the abstract class
    
    // xi_ai_anat
    float __active_twist_anat_0[6] = {0.0f, 0.0f, 0.0f, 0.0f, 0.0f, 1.0f};
    float __active_twist_anat_1[6] = {0.0f, -0.2483f, -0.0782f, -1.0f, 0.0f, 0.0f};
    float __active_twist_anat_2[6] = {0.0f, -0.2960f, -0.4749f, -1.0f, 0.0f, 0.0f};
    /*
    // g_ai_anat
    float gsa10[4][4]= {
    {-1.0f , 0.0f , 0.0f , 0.0f },
    {0.0f , -1.0f , 0.0f , 0.0f },
    {0.0f , 0.0f , 1.0f , 0.0f },
    {0.0f , 0.0f , 0.0f , 1.0f } 
};
    float gsa20[4][4]= {
    {-1.0f , 0.0f , 0.0f , 0.0f },
    {0.0f , -0.7818f , 0.6235f , -0.0782f },
    {0.0f , 0.6235f , 0.7818f , 0.2483f },
    {0.0f , 0.0f , 0.0f , 1.0f } 
};
    float gsa30[4][4]= {
    {-1.0f , 0.0f , 0.0f , 0.0250f },
    {0.0f , -0.6235f , -0.7818f , -0.4749f },
    {0.0f , -0.7818f , 0.6235f , 0.2960f },
    {0.0f , 0.0f , 0.0f , 1.0f } 
};
    float gst0[4][4]= {
    {-1.0f , 0.0f , 0.0f , 0.025f },
    {0.0f , 0.7818f , -0.6235f , -0.5932f },
    {0.0f , -0.6235f , -0.7818f , 0.1557f },
    {0.0f , 0.0f , 0.0f , 1.0f } 
};
    float gsl10[4][4]= {
    {-1.0f , 0.0f , 0.0f , 0.0003f },
    {0.0f , -1.0f , 0.0f , 0.0047f },
    {0.0f , 0.0f , 1.0f , 0.1405f },
    {0.0f , 0.0f , 0.0f , 1.0f } 
};
    float gsl20[4][4]= {
    {-1.0f , 0.0f , 0.0f , 0.0154f },
    {0.0f , -0.7818f , 0.6235f , -0.2963f },
    {0.0f , 0.6235f , 0.7818f , 0.3583f },
    {0.0f , 0.0f , 0.0f , 1.0f } 
};
    float gsl30[4][4]= {
    {-1.0f , 0.0f , 0.0f , 0.0131f },
    {0.0f , -0.6235f , -0.7818f , -0.5397f },
    {0.0f , -0.7818f , 0.6235f , 0.2187f },
    {0.0f , 0.0f , 0.0f , 1.0f } 
};    
    float __masses[DOF] = {4.0407f, 6.2914f, 0.4290f};
    float __inertias[DOF] = {0.5f, 5.0f, 5.0f};
    */

    // Ref anatomy
    // xi_ai_ref: Provided in order to avoid huge changes in class members
    float __active_twist_0[6] = {0.0f, 0.0f, 0.0f, 0.0f, 0.0f, 1.0f};
    float __active_twist_1[6] = {0.0f, -0.2980f, 0.0250f, -1.0f, 0.0f, 0.0f};
    float __active_twist_2[6] = {0.0f, -0.6379, -0.1850, -1.0f, 0.0f, 0.0f};
    // g_ai_ref: Provided in order to avoid huge changes in class members
    float gsa10[4][4]= {
    {-1.0f , 0.0f , 0.0f , 0.0f },
    {0.0f , -1.0f , 0.0f , 0.0f },
    {0.0f , 0.0f , 1.0f , 0.0f },
    {0.0f , 0.0f , 0.0f , 1.0f } 
};
    float gsa20[4][4]= {
    {-1.0f , 0.0f , 0.0f , 0.0f },
    {0.0f , 0.0f , 1.0f , 0.0250f },
    {0.0f , 1.0f , 0.0f , 0.2980f },
    {0.0f , 0.0f , 0.0f , 1.0f } 
};
    float gsa30[4][4]= {
    {-1.0f , 0.0f , 0.0f , 0.0250f },
    {0.0f , -1.0f , 0.0f , -0.1850f },
    {0.0f , 0.0f , 1.0f , 0.6379f },
    {0.0f , 0.0f , 0.0f , 1.0f } 
};
    float gst0[4][4]= {
    {-1.0f , 0.0f , 0.0f , 0.025f },
    {0.0f , 0.0f , -1.0f , -0.3685f },
    {0.0f , -1.0f , -0.0f , 0.6429f },
    {0.0f , 0.0f , 0.0f , 1.0f } 
}; 
    // g_ai_anat: Provided for compliance with data extracted from MATLAB
    float gsa1_test_0[4][4]= {
    {-1.0f , 0.0f , 0.0f , 0.0f },
    {0.0f , -1.0f , 0.0f , 0.0f },
    {0.0f , 0.0f , 1.0f , 0.0f },
    {0.0f , 0.0f , 0.0f , 1.0f } 
};
    float gsa2_test_0[4][4]= {
    {-1.0f , 0.0f , 0.0f , 0.0f },
    {0.0f , -0.7818f , 0.6235f , -0.0782f },
    {0.0f , 0.6235f , 0.7818f , 0.2483f },
    {0.0f , 0.0f , 0.0f , 1.0f } 
};
    float gsa3_test_0[4][4]= {
    {-1.0f , 0.0f , 0.0f , 0.0250f },
    {0.0f , -0.6235f , -0.7818f , -0.4749f },
    {0.0f , -0.7818f , 0.6235f , 0.2960f },
    {0.0f , 0.0f , 0.0f , 1.0f } 
};
    float gst_test_0[4][4]= {
    {-1.0f , 0.0f , 0.0f , 0.025f },
    {0.0f , 0.7818f , -0.6235f , -0.5932f },
    {0.0f , -0.6235f , -0.7818f , 0.1557f },
    {0.0f , 0.0f , 0.0f , 1.0f } 
};
    // gsli0_test [Test anatomy]
    float gsl1_test_0[4][4]= {
    {-1.0f , 0.0f , 0.0f , 0.0003f },
    {0.0f , -1.0f , 0.0f , 0.0047f },
    {0.0f , 0.0f , 1.0f , 0.1405f },
    {0.0f , 0.0f , 0.0f , 1.0f } 
};
    float gsl2_test_0[4][4]= {
    {-1.0f , 0.0f , 0.0f , 0.0154f },
    {0.0f , -0.7818f , 0.6235f , -0.2963f },
    {0.0f , 0.6235f , 0.7818f , 0.3583f },
    {0.0f , 0.0f , 0.0f , 1.0f } 
};
    float gsl3_test_0[4][4]= {
    {-1.0f , 0.0f , 0.0f , 0.0131f },
    {0.0f , -0.6235f , -0.7818f , -0.5397f },
    {0.0f , -0.7818f , 0.6235f , 0.2187f },
    {0.0f , 0.0f , 0.0f , 1.0f } 
};  
    float __masses[DOF] = {4.0407f, 6.2914f, 0.4290f};
    float __inertias[DOF] = {0.5f, 5.0f, 5.0f};

   // M_s_link_as_anat [Test anatomy]
    float M_s_1[6][6] = {
        { 4.0407,    0.0000,   -0.0000,    0.0000,    0.5676,   -0.0191  },
        { 0.0000,    4.0407,    0.0000,   -0.5676,    0.0000,    0.0010  },
        { -0.0000,    0.0000,    4.0407,    0.0191,   -0.0010,    0.0000 },
        { 0.0000,   -0.5676,    0.0191,    0.1263,    0.0000,   -0.0000  },
        { 0.5676,    0.0000,   -0.0010,    0.0000,    0.1085,   -0.0029  },
        { -0.0191,    0.0010,    0.0000,   -0.0000,   -0.0029,    0.0190 }
    };

    float M_s_2[6][6] = {
        { 6.2914,   -0.0000,    0.0000,    0.0000,    2.2541,    1.8641  },
        {-0.0000,    6.2914,   -0.0000,   -2.2541,    0.0000,    0.0967  },
        { 0.0000,   -0.0000,    6.2914,   -1.8641,   -0.0967,    0.0000 },
        { 0.0000,   -2.2541,   -1.8641,    1.4677,    0.0364,   -0.0369 },
        { 2.2541,   -0.0000,   -0.0967,    0.0364,    0.8521,    0.6845  },
        { 1.8641,    0.0967,   -0.0000,   -0.0369,    0.6845,    0.6584 }
    };

    float M_s_3[6][6] = {
        { 0.4290,   -0.0000,    0.0000 ,   0.0000 ,   0.0938 ,   0.2315  },
        { -0.0000,    0.4290,   -0.0000,   -0.0938,    0.0000,    0.0056 },
        { 0.0000 ,  -0.0000 ,   0.4290 ,  -0.2315 ,  -0.0056 ,        0 },
        { 0.0000 ,  -0.0938 ,  -0.2315 ,   0.1497 ,   0.0035 ,  -0.0006},
        { 0.0938 ,        0 ,  -0.0056 ,  0.0035  ,  0.0233  ,  0.0489},
        {  0.2315,    0.0056 ,        0,   -0.0006,    0.0489,    0.1271}
    };

    float __fc_coeffs[DOF] = {1.0f, 1.0f, 1.0f};
    float __fv_coeffs[DOF] = {50.0f, 50.0f, 50.0f};

}
#endif  // ROBOT_DEFINITION_H
